1002272391
1004281004
B1005279352
1005944294
1008714189
1012126782
1012201463
1014235985
1014371601
1014875595
1014930268
1016186352
1019285752
1020814079
1020906087
1022475234
1025186515
1029317424
1030119166
1030343811
1031896142
1033995872
1035118273
1035647704
1035888983
1036126665
1036158842
1036392722
1036677174
1037071066
1037320401
1040503321
1042713409
1042923892
1042942874
1045903701
1046111341
1047075348
1047926044
1048707313
1054486932
1B055833696
1055952532
1062490484
1063373399
1066772681
1071655141
1076180508
1077074860
1078818301
1081940014
1084872316
1088494207
1089359905
1095764881
1096121508
1098498802
1099488927
1101612420
1104029859
1104767499
1105219305
1106932240
1106986366
1108981843
1112269171
1115420014
1119073577
1121584199
1124325056
1126144593
1128246680
1129395319
1131985855
1136825328
1138113855
1139020381
1140980170
1143617735
1143711999
1145344035
1146301280
1150997905
1152846966
1153029990
1156174832
1157041524
1159059501
1159781014
1160455326
1161366225
1169771978
1174329629
1174985671
1179122846
1179260603
1187005552
1189774514
1196976075
1202143380
1202494843
1203177799
1204197491
1204851782
1206130510
1207583006
1207934657
1213814625
1215816488
1218483951
1219107296
1221450203
1225002394
1227414962
1227570300
1227892449
1237348963
1242970307
1245442033
1245837888
1248179947
1251994294
1253146974
1254687434
1255046626
1256717506
1258353766
1260272141
1260972669
1262167550
1266573274
1271795462
1273688807
1275521728
1278647160
1282267355
1285015182
1286484458
1286555970
1286920747
1288062279
1291645716
1292497486
1294726153
1297541642
1300522040
1303852337
1308218705
1311676483
1315972338
1316389798
1316842571
1317786861
1318998301
1322393475
1323171776
1323865960
1325451987
1328016468
1330038416
1332206999
1333253016
1333292372
1333331149
1335476366
1336412277
1339237486
1339267726
1339855336
1341029794
1342483911
1343595337
1346373488
1348237087
1348647351
1351368380
1351594433
1354319320
1355158077
1355552663
1358719452
1360223429
1366212108
1368746189
1374389235
1377723233
1379013512
1384685427
1389611905
1393335905
1397674010
1399278562
1399320648
1399958869
1400206555
1401115463
1402063538
1405607321
1412041886
1414610183
1417664397
1417864713
1420321184
1421036006
1424954160
1425135593
1426969198
1427507585
1427930514
1429290777
1437756899
1439308202
1443611412
1444408218
1444437527
1447497707
1449230542
1450600696
1451890610
1452255637
1454235787
1454490025
1454699047
1458061032
1461088570
1461190079
1463814708
1465058266
1465512727
1468143877
1470167331
1471352501
1471674520
1472915700
1473435362
1476595365
1477308928
1477856964
1478315351
1478555371
1478855869
1478982290
1479021227
1480830472
1485917275
1486363981
1487159302
1487352296
1488038705
1489273131
1494030836
1494418994
1494536338
1498831017
1500720206
1516862615
1517793487
1520063965
1520505817
1520741573
1521725550
1527049096
1532172353
1533546714
1536024449
1539272207
1544909069
1553948003
1555424151
1556429889
1558516488
1559115539
1568454308
1569948695
1572709134
1574603967
1576094038
1577608222
1578542661
1580565431
1581636162
1581981078
1583812958
1591100103
1600947891
1602966293
1606164873
1606542601
1612133701
1612711959
1614637919
1617079647
1619057262
1620628581
1622416205
1623944593
1630898617
1632830451
1633215704
1634210569
1634838110
1635891637
1636138153
1639045793
1641155416
1642040753
1644269550
1645658277
1646802438
1646969581
1648578840
1652538508
1657181563
1659239505
1665488520
1667726639
1667882945
1676678556
1677768003
1679877155
1680935881
1681559912
1684454617
1684626019
1687942427
169037490
1691584575
1691788172
1692780473
1693477243
1695763743
1697273089
1697765558
1700314464
1700357116
1700946474
1701017334
1701153554
1702683937
1703012280
1703714781
1705769562
1707228417
1709664440
1710592368
1710885402
1715570905
1715979225
1718038875
1718400285
1721506902
1724025934
1724198321
1727976528
1729857444
1729998044
1730950992
1731897962
1735271207
1738636695
1738747769
1741265700
1741306474
1742843871
1746248567
1748362381
1751827422
1751916298
1754308545
1755581134
1759871903
1759919350
1760509285
1760947376
1762028144
1763460415
1763759638
1765687468
1766838270
1768281343
1771564596
1780411247
1781503160
1781650139
1781654573
1781885376
1785567573
1787952034
1789568236
1790550822
1791551342
1794176253
1794546967
1797384518
1800139836
1800251261
1803254019
1805699856
1807357342
1807739666
1812276437
1813092362
1817547204
1818221218
1819721020
1819950507
1821173285
1822432066
1824223159
1826493580
1826679300
1828265801
1829622353
1830123361
1836777417
1837184764
1845388906
1845820021
1848336796
1851165270
1851901508
1852243291
1852413719
1852518935
1852830145
1854908593
1856138746
1857502155
1860835630
1863382508
1863630862
1863711142
1867659301
1868580362
1869659338
1870082314
1870357235
1874423246
1875875041
1880166005
1882245418
1883021782
1886607496
1886716528
1889549347
1889593382
1890597266
1891309133
1891865984
1891966303
1892110595
1894462054
1894711186
1896155507
1897125094
1899073854
1902043204
1903244575
1904100001
1906488255
1908095381
1908110709
1908740285
1910198855
1910508804
1911128508
1912517353
1912853232
1913718280
1917201130
1919538451
1919635120
1920840760
1923568724
1926034137
1927239677
1930374002
1930876689
1943390741
1943673041
1946225871
1949325038
1949374344
1950581168
1950779744
1952471868
1955954324
1956535755
1958020405
1960885473
1961072372
1961337696
1963734906
1967488121
1968209040
1969534923
1972330604
1977702941
1979328581
1980412103
1981542150
1983940964
1987815479
1989878633
1993216178
1994075352
1994577530
1994986633
1996744925
1997397674
1997993937
1999013689
2004932495
2007097880
2007883141
2008284978
2008485998
2009564810
2010681599
2012476490
2014390322
2014992591
2016635012
2017395842
2017663366
2022979638
2023647418
2024287090
2024987095
2025298509
2025686198
2031506536
2032403839
2037833027
2040963220
2041781234
2048848004
2049077558
2051951866
2059357143
2060308435
2060987435
2062753128
2066840047
2066863662
2072570470
2075628604
2078369191
2079083759
2079510514
2082423037
2085567224
2086551394
2088556887
2091824576
2095348187
2096065155
2096127068
2097327996
2099443201
2103915716
2105666349
2106498749
2108249785
2110178668
2110185216
2110369995
2110409146
2110902343
2120312302
2122074001
2123413647
2126979065
2129825262
2130364019
2131843270
2138882189
2141987593
259954744
269123440
281606607
283865577
288682866
299641440
300150716
306242804
306999556
312408799
313524803
328365111
329045354
333608938
334832025
334898108
335090350
338508537
338973145
339723412
340766919
341145099
341478712
342126513
342861934
344526432
347270313
348317944
349498615
349544041
351698834
355286869
356478777
357685618
358219135
358921879
359876942
360807818
362256813
364400250
365816156
366318474
371128476
371786715
372322369
373770746
374309073
377527553
379818268
382096356
382223690
382613462
383153123
384589687
385081495
385805625
387798292
388030698
388058564
388326338
390053920
390874926
391018883
391146224
391521404
391523258
392957340
393908372
394780506
397552243
397982202
398605680
399587151
401106239
401777582
402965178
403599871
403744903
406200139
406941252
407567141
408670559
410235672
410509204
410549272
412219215
415065740
416509151
416788112
418076951
419582161
420756925
421518085
423581005
424688569
425424463
426876975
428853399
429262904
430319241
430478396
430512748
430811101
434052897
443077298
445221204
447724252
449384524
450124136
451624208
451786294
452485580
452575770
455433197
455813968
458569912
458864517
460207743
462052343
462134387
462520393
464073430
464718474
467736676
467999145
469247578
469545739
472791746
477634172
478910241
479012795
479647180
482974937
484299782
489951825
490301724
492016702
492559103
496575884
5003225327
5004113734
5007234716
5011341873
5011929310
5012042879
5012844372
501368844
5017588912
5020308670
5020663828
5027010436
5027604868
5028563006
502924871
5033401070
5034961546
5035190173
5036147626
5036820634
5038347061
5043172301
5044074494
5044313438
5046659581
504783373
5049625501
5050347821
5054518100
5054803952
5055371161
5058871830
5062030704
5068725727
5070101372
5077919910
5079599953
508021127
5080867612
5081201157
5082770764
508302613
5084154695
5084487920
5087128516
5087144062
5089060575
509534777
5095580392
5096924096
5101004936
5102034596
5102972901
5105201918
5105881275
5108817079
5109310430
5111640375
5113670239
5114503784
5116934804
5117935613
5118134794
5118302326
5118827547
5120208450
5123493759
5124618312
5128167293
5130161373
5139787761
5143659816
5145707567
5147819243
5149732562
5151399643
5151970250
5152122908
5153035051
5153065888
515321622
5153955832
5155135397
5159273663
5163571001
5164324415
5165915888
5170144015
5170570222
5170866655
5171375571
5172355572
5172615088
5173408387
5174417430
5178823591
5179160495
5181865484
5185339262
5190140970
5191146241
5191984260
5192118437
5197758247
5197879709
5200696885
5200782082
520180295
5202733762
5206557019
5207253396
5211389094
5213405130
5213864001
521392752
5216467783
5218775030
5219885553
5220144943
5221199931
5221327292
5221603178
5222143576
5227480131
5230022270
5230740147
5232847733
5233073549
5236456231
5236639113
5237560951
5238029523
5238137174
5241533721
5244859240
5244963093
5245432052
5247023636
5248018158
5248354586
5251042674
5251679327
5252085242
5253395639
5253661929
5253891554
5255650992
5256891117
5257822227
5258761276
5258976235
5259669384
5261511174
5263087291
5264206568
5264865833
5270065621
5272515844
5273439308
5276630951
5277869770
5278198647
5280297296
5280896162
5281122820
5281237155
5282383969
5285011245
5285072007
5287607111
5288716970
5291082079
5300868477
5304747383
5304790951
5308966798
5309444801
5309887630
5312825874
5313761596
5318923933
532161490
5323239002
5323862443
5325654941
5325710750
5326793600
5326964824
5327086081
5331938771
5334965613
5335894435
533901021
5339014046
5340108602
5341774514
5342052313
5342780257
5345620882
5346444603
5348497861
5353473106
5354020747
5354304866
5354869900
5356065240
5356939163
5359657077
5361591411
5363450614
5363519560
5363869079
5365307915
5365415096
5365504444
5366471482
5367072589
5368077749
5368761006
5371122698
5373981752
5375274888
5377915924
5378497159
5379815324
5380907153
5380929076
5381328940
5383160407
5385017993
5385051429
5389222457
5390290955
5392028603
5395838491
5397131005
5397705333
5401773900
5401869453
540188942
5402325107
5402555226
5402888131
5405596545
5405639078
5406149863
5408054671
5411022213
5412149087
5412357988
5412680030
5413794862
5414613862
5415513405
5415833099
5416119943
5417078664
5418444258
5419790265
5419917741
5420632437
5421858133
5421950193
5422729551
542333296
5424064287
5425449018
5426630725
5426767551
5427163368
5427450043
5427988544
5428152184
5429363379
5430253862
5432142914
5433349122
5436789847
5437832160
5439629881
5443655265
5443773269
5445239096
5445267073
5446281496
5448884716
5449148497
5450274908
5450800822
5452137642
5458597685
5458774416
5459489293
5464620376
5465471544
5465583444
5466447069
5468427496
5469132499
5471824874
5471903248
5473449941
5475341043
5475341909
5477082584
5479077439
5479367867
5479442247
5479658128
5480454693
5481016107
5481837514
5484373810
5485863526
5486815110
5487262073
5488490242
5488807791
5489203926
5490596869
5491614456
5492773557
5493175708
5494365428
5496951186
5496984867
5498222866
5498332356
5500612886
5502907101
5503347248
5510194876
5510615097
5514473226
5517408245
5517473415
5517559401
5518564623
5520344071
5520711621
5522317339
552292563
5523468137
5523832675
5524135719
5533804673
5536858460
5537596365
5537660478
5538223273
5540311994
5540684807
5541577380
554436096
5544472289
5547275104
5547681788
5548906242
5551459482
5552693038
5555307056
5557749934
5559492297
555999626
5562071442
5563473510
5563632870
5564867997
5567232877
5567751654
5567756869
5568394555
5569102303
5569346654
5569705148
5571059449
5571406650
5572284236
5574885886
5576755155
5578244101
5578459803
5578727993
5579097799
5579613908
5580092150
5582851748
5582893472
5587120085
5588977190
5590568255
5592002271
5593133707
5594972494
5596203638
559626462
5596554744
5596643803
5597551913
5597796648
5597942336
559884301
5602261900
5602935105
5603992586
5606693024
5607690918
5608473068
5610720950
5610782891
561179600
5611896203
5613473803
5614640908
5615877324
5616738802
5617708701
5617932302
561830129
5619003073
5619591731
5626280986
5627703746
5627937346
5628670946
5629642332
563189260
5632975844
5633395721
5634282839
563739655
5638114137
5638314025
5639636760
5639887761
5641224945
5643552913
5644454897
5644591129
5644658928
5644847711
5645405482
5646304102
5647367213
5647543847
5647901057
5648446403
5650889064
565506131
5658640011
5659840955
5662129265
5663286474
5663881124
5664391536
5665767272
5666207177
5667062560
5668175171
5670421444
5670908907
5677118938
5679245910
5679714444
5681921505
5683314085
5684870494
5684942427
5685335989
5685543670
5687211963
5687271945
5688787458
5689103898
5689869025
5690832820
5691123410
5691888224
5691901289
5693188802
5693692984
5693720706
5694701635
5694817148
5696034827
5696457525
5697798227
5699069013
5699596075
5700211203
5701372676
570806556
5708752650
5710594330
5710729884
5713962873
5714468015
571803002
5718289343
5718313833
5720583412
5724134864
5724824264
5725422603
5728510797
5728662210
5730397263
5732345711
5733768103
573610236
5736446545
5738200523
5740026573
5740069686
5741635718
574334324
574576235
5747172474
5748713246
5748921752
5749495418
5750437239
5750922392
5751351764
5751388433
575178093
5752479982
5756136888
5756566267
5759823938
5760127637
5760286421
5762630025
5764450951
5764606675
5766052372
5766440296
5766703924
5768476428
5768708143
5771063915
5771662419
5772692120
5773719342
5775575145
577666061
5780422865
5780523484
5782620628
5784557604
5785911581
5789050333
579048509
5791603365
5792422267
5792675117
5793544291
5794872144
5795577770
5796495865
5799199879
5799525845
5801938685
5802041611
5802239189
5803332533
5803703019
5805156886
580673573
5807415145
5807783869
5808557777
5809856065
5811758411
5812256605
5813483358
5815347121
5815504299
5815620679
5815704886
5816967968
581724121
5817473986
5818381095
5819068566
5820014611
5820486786
5822978988
5823315247
5823478726
5828421935
5830184790
583122498
5831505255
5831767973
5834585638
5836541415
5836681659
5836826443
5838055744
5839011761
5839479658
5840067170
5841568323
5841630619
5842139898
5842453095
5843041006
5843248264
5843436858
5843455343
5843612760
5843883101
5844523798
5844867470
5844892188
5845182998
5846566738
5848448807
5849499338
5850701976
5851182395
5851665773
5851948022
5852107880
5852171189
5852311329
5852624927
5854207317
5854794922
5855202874
5855359712
5856110375
5856991777
5857710984
5858357586
5858952171
5859584499
5860067607
5860424715
5860485558
5860488834
5860584221
5862701293
5862999583
5863476244
5866239720
5869125203
5870583371
5871020966
587389270
5874215350
5878079847
5880395897
5880757645
5883725825
588390828
5886853987
5886946103
5887186500
5887499545
588772321
5888271531
5889026872
5890809750
5892164571
5892375388
5892924271
5893272980
5893612775
5893859075
5893934954
5896586798
5900068608
5901465320
5901746715
5902041357
5904225728
5904572998
5905216698
5907853323
5908216821
5911000834
5912055471
5913576247
5913758364
5914040133
5914065185
5914999056
5915118793
5915236005
5916186791
5918229268
5923422614
5927538448
5927859551
5929433935
5929789578
5929976648
593079702
5930859257
5931121577
5931272443
5931378022
5931459848
5932990438
5934900815
5936056646
5936147405
593615704
5936473083
5937797662
5939590239
5942720583
5943518388
5944881873
5945045894
5945410401
5946475147
594671933
594754563
5950267595
5952832676
5953160355
5953673904
5955636563
5957188874
5957323341
5958881766
5961114845
5961697907
5962009533
5962034547
5962101421
5962967409
5964099788
5965618558
5965793300
5965861813
5966284329
5967111951
596724277
5967351226
5967602054
5969432074
5969434902
5970603669
5970607764
5973062421
5973379216
5973754702
5974094657
5977794152
5978693306
5981188364
5981842325
5982314621
5985793645
5988428978
5988636502
5990421477
5992601153
5992987951
5993281670
5993937224
5995845944
5995938266
5996001676
5996440275
5997210089
5999503351
600085274
6000867134
6001977706
6002275553
6002929660
6003613332
6004872954
6006385691
6006976971
6007374569
6008270563
6009155593
6009458331
6011947737
6011966903
6013318370
601380430
6013813048
6014032415
6015238712
6017537668
6019346797
6019386594
6020567525
6020609232
6021163931
6021349933
6021899649
6023803625
6024872847
6026000381
6027879106
6028294644
602928624
6030333555
6030401508
6032994255
6033227159
6033495108
6034926145
6035032362
6039022610
6039132902
6041150700
6041872073
6042512134
6043597376
6045652396
6047119550
6048344689
6048656234
6050212665
6050614750
6051325257
6051866583
6052814106
6054697403
6056396448
6056517606
6057232513
6058120557
6058270340
6058944574
6063103932
6064353680
6065711125
6066232405
6066320670
606657166
6066685348
6068407438
6068710309
6070446129
6070499756
6070884051
607313860
6073338007
6073465391
6074579688
6075773789
6077245236
6077323433
6077528940
6078324133
6078520878
6078575159
607919189
6079287888
608003431
6080144100
6080670371
608186326
6082215036
6082375908
6083152778
6083696725
6084193376
6085598714
6087601383
6088111759
6091270836
6093150774
6093491922
6096158971
6096266810
609779793
609878525
6100392815
6102611554
610274401
6103306719
6103679149
6106434188
6106719271
610717689
6107957633
6108186370
6108759265
6109619121
6112638141
6113110751
6113964209
6114433848
6114863968
6115337355
6115476457
6115936455
6116607592
6117902851
6118007603
6118795818
6119146711
6119770653
6121716924
6123365692
6124650698
6124965491
6127248014
6127258055
6129534182
6129965492
6130091783
6131845373
6132332783
6135497796
6136936799
6137407013
6137503450
6138034930
6138360988
6139519707
6140049508
6141406025
6143144308
6143183346
6147930931
6148689435
6149386551
6149659512
614977048
6149901594
6150651711
6151730802
6152194357
6152917183
6153559971
6157388121
6157604247
6157738635
6159218420
6159980375
6161160987
6162522231
6163171353
6163991604
616428892
6166431485
6167463513
6167732837
6167884450
6168567780
6169506181
6169602350
6169751655
6172388161
6173404830
6177360247
6177455808
6178289803
6178333645
6179895702
6180973941
6181299425
6182105053
6183489086
6186492863
6187176749
6187488451
6187760733
6188383819
6189118348
6189832965
6190479922
6190644975
6191259160
6192900659
6193049289
6193246028
6193577214
6194360675
6194862609
6196646531
6197108127
6197199545
6198925623
6199973439
620200311
6203160369
620386501
6204513106
6204937653
620607513
6206296369
6207815632
6208200236
6208901076
6209808420
6209918662
6210386112
6211214025
6211593022
6211621772
6212253054
6212683152
6213031002
6213582317
6214265677
6215096281
6215099516
621848822
6221388245
6221700404
6222660247
6222737654
6223402967
622395856
6224079813
6224113896
6225520184
6226135745
6226539825
6227191725
6227412056
6228313107
6228559123
6230669468
6231264680
6231682645
6231690568
623412293
6234388105
6234891697
6235449543
6236237703
6236279842
6237009044
6237060145
6237222421
6239077881
6239194554
6239217688
6239357397
6240438899
6242259685
6244621027
6244781685
6244988864
6246490106
6246553348
6248287952
624886942
624989628
6250637864
6251661201
6252402893
6252644416
6253406330
6254978736
625528251
6255792456
6256054254
6257134883
6257454111
6257629914
6257851122
6259586764
6262662741
6263241188
6263742294
6264121962
6265434132
6265659911
6265891510
6266844491
6267351309
6268973481
6270532069
6274044447
6275190455
6275585195
6275668042
6275669412
6275915902
6276008080
6276060840
6278366393
6279432930
6279730781
6282006724
6283301404
6285119752
6285354052
6285498220
6286324845
6290561492
6291556301
629172536
6294421388
6294660126
6294785066
6294798654
6295923389
6296637344
6297299624
6298469861
6298587156
6298636073
629947547
6299803108
6301627810
6301631199
6301844467
6302814500
6303099443
6304164246
630420972
6304389877
6305011732
6306446541
6306654791
6306667670
6307284898
6308156441
6308535583
6308686304
6309510975
6310622938
6311179715
6312525525
6312794067
6314385073
6314863996
6315064656
6315784876
6315995723
6317144214
6317595647
6318080555
6318212232
6318265723
6319132558
6319792741
6320010967
6320084935
6320773676
6321148469
6321240716
6321637322
6323508184
6324445960
6324565907
6328476708
6328597107
6329120233
6329204380
6329565740
6329819556
6330211550
6330805881
6331216640
6332053552
6332335287
6332651321
6333031513
6333482882
6334093902
6334683937
6335442002
6338724496
6338970571
6339794403
6340698782
6340868930
634332291
6343820576
6348243223
6348720750
6349620919
6350221242
6350346520
6352259281
6352822670
6354476730
6355303765
6355367867
6355592193
6355943220
6356229557
6358368298
6358938779
6359437265
6360016972
6360288486
6360566065
6361024189
6361069312
6361228243
6361430444
6362186076
6363306182
6363393897
6363897265
6364159308
6364623529
6365216625
6366070716
6366381920
6367234329
6367703043
6367797880
6367835004
6368188563
6368618981
6369421559
6369451614
6369840539
6370346226
6370698549
6373096548
6373467436
6374387821
6375445107
6376134066
6377173728
6377341319
6377377897
6377550413
6377846199
6378067891
6378657934
6379131604
6380498455
6380695801
6382555965
6383178257
6383678633
638550059
6385616555
6386293626
6386665085
6386728190
6387537359
6390907909
6391318211
6391352398
6391412788
6391437580
6391855960
6391906686
6391915247
6392392739
6393245528
6394352229
6394395787
639462651
6396618506
6398431598
6399285439
6399608018
6399965488
6400878059
6401091016
6401206230
6401757013
6401811900
6402350282
6403297403
6403700937
6403713755
6404712446
6406211904
6406299605
6406493904
6407614472
6408695472
6408894005
6409181686
6413609702
641387594
6414066770
6414989988
6415240313
6415312013
6415625954
6416637373
6417223997
6418055849
6418055987
6418500835
6418827071
6419795182
6420381066
6421168720
6421270954
6421489570
6421562779
6422942384
6423432035
6423692858
6425448380
6425718213
6427075238
6427598117
6430042329
6430094173
6430853358
6431750930
6431995295
6432155945
6432447005
6432512046
6435126356
6435325894
643704125
6437306096
6437917534
6438253538
6438789045
6439152284
6439374288
6439556279
6440055817
6440640565
6440663340
6440843206
6441417288
6442421164
6442575205
6442699033
6443464280
6444353129
6444874460
6445130534
6445284254
6446114043
6446295045
6446766257
6447252944
6448110550
6448265282
6448412905
6449204337
6449274956
6449563032
6449872211
6449984432
6449986448
6450720585
6450953760
6452205222
6453031164
6455088898
6455507455
6455790270
6456655809
6457716046
6458191561
6458218310
6458953772
6459709150
6459742227
6459849527
6461578100
6461802459
6463417858
6464340931
6466286688
6466477261
6467759195
6468595484
6468711322
6468724076
6471410886
6471564911
6471588064
6471872030
6472835025
6473050763
6473127925
6473398280
6473508474
6475067854
6475565660
6475616854
647653881
6476710350
6477016994
6477465758
6478683209
6479182107
6481123492
6481821031
6482156972
6482898132
6482993090
6483426919
6483835681
648516397
6486325022
6486549614
6487744581
6489496448
6489560051
6489851948
6490498548
6490834853
6490973791
6492342511
6492654720
6492806086
6493808631
6494286367
6494902281
6495015441
6495926209
6495991158
6496220591
6496245782
6496506976
6497340970
6497471874
6497660440
6497805698
6499057646
6499357704
6499558895
6500885522
6501113863
6502568446
6502600008
6503804580
6504082781
650423606
6505373548
6505620813
6506120413
6506476896
6506632423
6506761771
6506789005
6507431203
6507725981
650801700
6508760445
6510149591
6511605322
6512633128
6513338486
6514137217
6516001213
6517350379
6517426998
6518316816
6518399748
6518636950
6518825571
6520233194
6521388255
6521645313
6521746210
6522140467
6522587827
6523015421
6523138613
6523894313
6525929185
6526938343
6527460683
6528479939
6528724905
6528776881
6529280802
6529700146
6529762220
6529996435
6530023516
6530803515
6531766591
6533333673
6533387652
6533414165
6534665793
6535291286
6536175517
6536668795
6537674341
6538070984
6538225624
6538515576
6538874142
6539394335
653986330
6540876926
6541517047
6543261240
6543774485
6544427379
6545721563
6546560116
6547627721
6547731847
6547901537
6548271722
6548643656
6548909893
6549562833
6549818803
6550555836
6551146507
6551785134
6552319430
6553291947
6553564978
6555592177
6555887099
6557118299
6557677784
6557761351
6558026082
6558883092
6558964694
6559642959
6559871432
6559991155
6562797706
6563341157
6563357969
6563417192
6563496246
6565582198
6565586636
6565628840
6566264794
6566636771
6567191898
6568445361
6568660520
6569620741
6570335277
6570807491
6571369166
6573053577
6573149025
6573774186
6574442390
6575449492
6575572458
6575752509
6576572541
6577018106
6578602700
6579409272
6580032786
6580540041
6580842345
6581580622
6581997820
6582909170
6583184327
6583539775
6583687433
6583750708
6584123645
6584491871
6584771964
6585285093
6585621858
6587798548
6587971218
6589289555
6589810873
6590110766
6591038848
6591536739
6591944599
6594510731
6594774338
659609390
6596336362
6596953872
6597189801
6598592332
6599010465
6599431602
6599448882
6600026700
6600078046
6600128136
6601592587
6601704928
6602423720
6603279182
6603680237
6604445549
6604673232
6605618288
6607020753
6607361888
6608265918
6609040711
6609633206
6610463252
6611132510
6611279828
6612253723
6613406871
6613877938
6614010937
6614135978
6615188830
6617275168
6617382752
661933111
6621233149
6622993826
6624091682
6624189639
6624862886
6625150013
6625626267
6625937620
6626140196
6626329630
6628816014
662885816
6628894423
6630034974
6630698781
6631083223
6631520523
6632357349
6632765044
6633071292
6633235470
6633490343
6633581574
6634246035
6635433406
6635545153
6635693201
663683222
6637547515
6637891184
6638389640
6639018413
6639607581
6640590808
6640717891
6640731878
6641146558
6641480322
664339747
6643562561
6643896224
6644194979
6644614014
6645001017
6645226992
6645408672
6646336657
6646400474
6646413900
6647108365
664721457
6647643974
664784634
6648255695
6649186367
6649475697
6650193237
6650631898
6651079228
6651518070
6651795381
6651980383
6652238940
6652559515
665320125
6654345169
6654451990
6655352848
6655811440
6656133926
6656350591
6656845076
6657445369
6659761577
6660569729
6660618096
6661071042
6661268725
6661917174
6662149813
6662293172
6662429166
6662571842
6662813199
6663495366
6663776696
6664262178
6665350651
6665530999
6665959938
6666107876
666665010
6666735704
666745852
6667520481
6667572892
6667905685
6667928034
6669142497
6669418920
6669834762
6669854100
6670781838
6671161004
6671184481
6671400160
6671957230
6673248813
6673713471
6673748442
6674295493
6675111831
6675696927
6676990426
6677663975
6678529905
6678837265
6679358328
6679487907
6679730592
6680990529
668116265
6681274656
6682039183
6682069206
6682494008
6682617919
6683261334
6684196263
668497583
6686089504
6688048412
6688294205
6689059703
6689202684
6689245378
6689633694
6690032412
6690087052
6691561367
6691664564
6692192397
6692998069
6693473750
6693700785
6694046589
6694430353
6694774929
6695263933
6697012189
6697510949
6698004303
6699510075
6700403559
6700512108
6700646413
6702011150
6702342334
6702994101
6703089530
6703451355
6703663615
6703815100
670410850
6704425879
6705383986
6706093976
6706420595
6707302340
6707614863
670862183
6709214950
6709366551
6710391071
6711031351
6711287620
6711317784
6711675738
6711771060
6712023494
6712044165
6712610008
6712746690
671287634
6713244657
6714660206
6715427102
6716678855
6717157014
6718474719
6719367832
6720280317
6720784698
6720965008
6721495677
6722373460
6724236286
6724450095
6724578437
6725232066
6725254381
6726148994
6727932852
6727944737
6728557199
6730721885
6730772538
6731304007
6732597328
6735158013
6736163710
6736702960
6737005265
6737142222
6737576530
6738199537
6738518851
6738727694
6738784944
6739066746
6739409300
6739517376
6740134774
6740414737
674060837
6740712281
6741771781
674456073
6745225632
6745529058
6746616964
6746729128
6747470569
6747710979
6747855570
6748058070
674808469
6748451151
6748672233
6752220211
6752307213
6753583026
6754004245
6754613488
6754949861
6755583120
6755636319
6757528031
6759253024
6760984183
6761345883
6761890284
6762047119
676240526
6762987412
6763417099
6764127332
6764534838
6765620469
6767588737
6767638378
6768747994
6768986165
6769108244
6769517340
6769685850
6770020965
6770159562
6771524445
6771624329
6771817721
677198818
6773120965
6774273557
6774343988
6774502400
6774779587
6775923403
6776240927
6777791309
6778577769
6778659729
6779534211
6779583451
677997606
6781322301
6781715026
6781777133
6782168842
6782638780
6783036903
6783509602
6783528749
6783534147
6784345292
6785416314
6785522059
6785879303
6786803470
6789638171
6790056494
6791210834
6791238733
6791418877
6792912240
6793374956
6793398929
6793542247
6793705397
6793864535
679419031
6794573491
6794879289
6795276159
6796832080
6797503962
6799396868
6800273505
6800891440
6801425817
6802656278
6803028593
6803067324
6804674271
6804941801
6805380806
6806733750
6806736231
6806897842
6807197918
6807332848
6807429423
6807694253
680774318
6807856315
6808018052
6808325086
6809158673
6809610244
6809944264
6810493629
6810797305
6811780077
6812837790
6813280710
6814352863
6814624086
6814926309
6815273599
6815598573
6816275918
6816620525
6816837270
6817811813
6818331638
6818354256
6818722956
6818831299
6819417184
6820125270
6821707441
6822298531
6822892158
6822945395
6823399189
6823733931
6824961061
6825524743
6825608411
6825848530
6828130055
6828209258
6828353203
6828493940
6828664664
6829263184
683348285
6833820060
6834216108
6834228102
6834854784
6835091062
6835384325
6835557062
6836233609
6836443430
6837411073
683923445
6839305267
6839695573
6839830211
6839854245
684124753
6842783314
6843219158
6843782962
6844032046
6844208015
6844317449
6845522016
6846385234
6846606941
6847005968
6847085579
6847519025
6847571799
6848654753
6850545659
6852394471
6853595057
6854341444
6854402761
6855049155
6855288274
6855818686
6856955045
6858464274
6858621973
6859525765
6860297017
6861233560
6863118254
6864485073
6865704574
6866495462
6866819126
6866839975
6867758987
6868122226
6869117561
6869516368
6870030841
6870373013
6870419516
6873565088
6873626759
6873673921
6874800295
6875166001
6875326974
6876100979
6876201578
6876518172
6876735647
6876763234
6877814489
6878600387
6879329685
6882493335
6883053346
6883102029
6883183907
6883504558
688408557
6885017436
6885431966
6885692876
688828129
6890043406
6890159784
6890493891
6890551732
6890647426
689068288
689237322
6893321359
6893953845
6895626208
6897164183
6898947774
6899076440
6899434221
689987543
6901182195
6901589187
6901712462
6901764252
6901870758
6902627742
6902930110
6903369822
6903872353
6903938668
6904154437
6904594364
6905058877
6905711348
6907201716
6908138678
690829783
6908828927
6909564941
6909800254
6909930092
6910757984
6911884083
6912154165
6912982783
6913061365
6913153279
6914432837
6914624447
6915533509
6915569962
6917590833
6918230804
6918482333
6919914492
6920417413
6920555969
6921526679
6921872921
6921973018
6922426055
6923661470
6924158524
6925175199
6925855431
6926850170
6927406851
6927954583
6928299931
6930183889
6930425755
6931801291
6932133620
6932308345
6933279254
6933779629
6933931612
6934095550
6935263096
6935774839
6935853967
6936195069
6937091928
6938043193
6939316223
6939506310
6940051713
6940069814
6941522971
6941569350
6943504866
6943557805
6943629663
6943670315
6944602172
6945137356
6945621168
6945720873
6945855013
6947600485
694904616
6949391805
6949805763
6950023443
6951570845
6951743474
6952799861
6954899226
6955626251
695568098
6955850263
6956896499
6957813510
6957837857
6958302583
6959553582
6960053097
696036157
6962180289
6962919646
6967920996
6969201190
6970551940
6970732255
6970765825
6972337664
6972351520
6972663192
6973506811
6974139814
6975095555
6975939193
6976158596
6976159542
6976372966
6976942446
6977064016
6978002242
6978760765
6979139459
6979504704
6981256893
6981284532
6981479492
6981947674
6982302694
6983889429
6985780712
6986182019
6986322805
6986817374
6987864721
6988165539
6988739728
6988877946
6989665995
6989680467
6989847549
6990057173
6990286543
6990497621
6991612459
6992258313
6992683148
6993364337
6994007542
6994042787
6994656269
6994785476
6995205698
6995250257
6996476096
6996675704
6996885561
6996967465
6999179427
7000037383
7000378018
7000477696
7000791947
7001118864
7001815668
7002406276
7002688339
7002826988
7002921032
7004049480
7004292328
7004792698
7006239651
7006596969
7007055660
7008950382
7009076881
7009386892
7009442163
7009576006
7009724432
7009887942
7010353192
7010519303
7010902627
7011337561
7012059623
7012239037
7012661225
7012755168
7013829219
7014131827
7014950952
7015685933
7017651643
7018478163
7018666007
7018977366
7019298634
7019957566
7019994457
7020157422
7020299047
7020951943
7020954854
7021286418
702138216
7021690822
7022334658
7023070280
7023127329
7023218103
7023260952
7023750776
7024007715
7025116257
7026073362
7026298794
7027960608
7028748071
7029414662
7029794151
7031149733
7033185039
7033989493
7034165552
7034415688
7034444900
7034460507
7034650703
7034863997
7035875269
7036020834
7036338502
7036374655
7037912718
7038532070
7038767069
7038855771
7038989510
7040059309
7040073862
7040214511
7041473679
7042206657
7042908013
7042929540
7043774516
7044072857
7044216238
7044226871
7044941166
7045325994
7045913816
7046676599
7047265987
7049164938
7049404507
7049466838
7049672191
7049824787
7049875243
7050309200
7050465264
7050704628
7051654546
7051688698
7052337745
7053181853
7053918618
7054753969
7054975853
7055435617
7055823824
7055862183
705605287
7056111291
7056275917
7058058480
7058731746
7058907996
7060090852
7061752797
7061821758
7062645256
7062931205
7063340035
7063389595
7063486869
7064695440
7064785568
7065103378
7065566554
7065928001
7065962522
7066351290
7066472911
7067018643
7067054727
7067512733
7068371728
7068445831
7069112212
7069140658
7069233271
7069788087
7070309409
7070338943
7071115847
7072625940
7073183013
7073212658
7073726850
7074077466
7074352565
7074606627
7074719321
7075389853
7076101871
7076513183
7077005488
7077035393
7077893553
7078034841
7078131830
707821503
7078994845
7079058471
7080132670
7080685187
7080928265
7083153750
7083238748
7083292282
7083585648
7084280328
7084944208
7085082149
7085273935
7085863470
7086160579
7086631640
7086731860
7086796887
7087074856
7087186838
7087517618
7088386655
7089620455
708982926
7090153003
7091068832
7091235491
7092095646
7092649434
7092878576
7093269705
7093502833
7093534729
7093741753
7094559410
7094597804
7095169679
7095202343
7095630347
7095636079
7095767975
7096399971
7096654063
7097194898
7097922925
7098124506
7098669749
7099822296
7100024260
7100605418
7100611174
7101146727
7101348770
7102488299
7102611875
7102925352
7103278035
7103556234
7103668284
7104335748
7104474128
7105133201
7105624611
7105880201
7106347947
7107627183
7108968215
7109743985
7110471261
7110901823
7111363556
7111553015
7111682416
7111982079
7113979884
7114036119
7114410770
7115734036
7116725839
7118115609
7118119290
7118217901
7118688897
711989654
7120950039
7122214819
7123027121
7125180141
7125573868
7125722408
7125741322
7126029535
7127223133
7127316169
7127492573
7127500902
7127803300
7128673591
7130189598
7130252504
7131844964
7131894258
7132576952
7132653279
7132679002
7132964296
713326249
7134307964
7134844322
7134849979
7134928998
7135781534
7135791367
7135833350
7136747894
7137529892
7137926887
7138620596
7139049139
7139060352
714007358
7140486036
7140532991
7140708920
7141235975
7141237116
7141796935
7141842927
7143860178
7143949994
7145101117
7145337944
7145809834
7145864213
7146095987
7146481736
7146809741
7147765804
7147824997
7148254691
7148847830
7148973280
7149360704
7149880820
7150161464
7150203840
7150365184
7150690913
7151041344
7151286111
7151309468
7151783457
7152728615
7153429812
7153459067
7154144624
7154407849
7155027570
7155035190
7155090622
7155643427
7156730097
7157558329
7157910648
7158354221
7158881359
7158948354
7159353418
7160809410
7161024343
7161787382
7161920304
7162606307
7162864832
716306842
7163158978
716385883
7164662578
7164829375
7165201149
7165340383
7165915651
7166002277
7166058553
7167122395
7167381847
7167660249
7167997013
7168592729
7168852067
7169912874
7170529626
7170548134
7171781732
7173045453
7174544843
7174649076
7174767555
7174778446
7175223945
717542612
7175450339
7175596099
7175616243
7176457319
7176497752
7176689739
7177196375
7178449979
7180140712
7180225896
7180421606
7180913166
7181514971
7181782150
7181850710
7182222511
7182514828
7182624409
7182893483
7182913624
7183025058
7184596947
7185018624
7185599229
718668016
7187306264
7188162479
7189869979
7190155901
7190672894
7191078903
7191236829
7191666072
7191836344
7191987322
7192122586
7194239050
7194330706
7194590606
7194829671
7195556653
7195695144
7196483186
7196563358
7196794950
7196798892
7197922818
7197996987
7198472817
7199240441
7199282777
7199470562
7199721034
7200557747
7200684238
7200684524
7201509003
7202211229
7203549903
7203669166
7203989260
7204149950
7204339105
7204648555
7205015324
7205259702
7205509454
7205771461
7205865216
7206022276
7206081175
7206760106
720782888
7208221878
7208670033
7208922010
7209409549
7209980874
7210862762
7211102893
7211244181
7211258609
721174601
7211771589
7211880801
7211945201
7211949373
7212195045
7214632263
7214988470
7215650028
7215847134
7216027891
7217699137
7217861851
7217888726
7218388877
7219182838
7220100115
7220532314
7220968769
7221178263
7221449703
7221848502
7222133800
7222157111
7222307535
7223073508
7224139855
7224322878
7224324736
7224445027
7224907589
7225108727
7225222868
7225619670
7225682735
7226428085
7226494439
7227456911
7227527155
7228004617
7228126054
7228218635
7228328984
7228759014
7228975767
7230328666
7230963566
7231133231
7231339496
7231420917
7231530807
7232275885
7232411787
7232522091
7233034031
7233404508
7233690151
7233942922
7234410631
7234695739
7235515651
7238081196
7238134368
7238489582
7238609359
7239136819
7239209045
7239316187
7239724683
7240490662
7242469515
7242638987
7242844990
7243341336
7243430041
7243450360
724353943
7243572761
7244292847
7244656057
7244857162
7245210547
7245770367
7245778794
7246623063
7246625501
7246653618
7247025805
7247878942
7248238135
7248561414
7248609323
7249687363
7249768432
7250218397
7250857684
7250964043
7251700569
7251758684
725280566
7252850599
7253354917
7254060374
7254119515
7255115508
7256000984
7256144846
7256264863
7256405255
7256470816
7256839941
7256978184
7257433368
7258012188
7259317075
7260084150
726012848
7260232288
7260281043
7260337093
7260561496
7261251418
726161337
7261753746
7262126665
7262243789
7262385993
7263183877
7263404028
7263852261
7264315413
7264450153
7264841301
7264897757
7264946398
7265314285
7265357638
7265548548
7265677613
7266040469
7266187931
7267679148
7268022863
7268278350
7268551546
7268990787
726909935
7269687343
7269707202
7270321579
7271071984
727129119
7271455681
7271546946
7271771594
7273137812
7273584232
7273806773
7274222745
7274298320
7275313786
7275920378
7276021501
7276255243
7276301401
7277103454
7277449034
7277473170
7277651227
7278274968
7278353824
7278887171
7278901860
7279803431
7281092492
7281094727
7281260713
7281497872
7282635185
7282789504
7283275205
7284153209
7284314773
7284651997
7285020755
7285085924
7285595961
7285688007
7285747994
728580093
7287112585
7287136167
7288061681
7288632723
7288796772
7288929435
7288996801
7289451831
7289858726
7290022975
7290746694
7291803335
7292390409
7292419704
7292533181
7292764689
7293167540
7293535010
7293610454
729374762
7293838177
7295061600
7295103001
7295209103
7295359984
7295703912
7295970547
7296577201
7296648404
7297373956
7297656521
7297901309
7298125449
7298131489
7298551630
7298577565
7299099372
7299288965
7299301624
7299527116
7299728732
7299741462
7299882094
7300432965
7300565291
7300987514
7301163340
7301277224
7301838845
7301949991
7302590979
7303269553
7303323583
7303444290
7303546992
7303610108
7304020504
7305089422
7305113950
7305746165
7306177530
7306251440
7306279698
7308026058
7308051932
7308444616
7308795466
7308830159
7309614893
7310152845
7310443562
7310700674
7310980465
7311090405
7311534902
7312447760
7312603908
7313013437
7313134485
7313156344
7313406771
7313921607
7313944526
7314297877
7314565637
7314583216
7315614303
7315883057
7316346554
7316572285
7316772169
7317426897
7317673846
7318144868
7318462329
7318886335
7319145786
7319617502
7320156789
7320364390
7320979022
7321263145
7321908988
7322113282
7322614526
7322997149
732302536
7324512513
7324839178
7325971802
7327492627
7327596051
7327609259
7327614781
7327991126
7328006539
7328025273
732812210
7328309494
7329018371
7330865178
7331399761
7331548831
7332791500
7333457704
7333771677
7333824391
7334244812
7334503743
7334627537
7335424578
7335884340
7336028561
7336688887
7337090769
7337206182
733721127
7337970158
7338191129
7339011135
7339079230
7339376263
7339713747
7340000320
7340395181
7341296125
7341712900
7342667653
7343456062
7343899608
7344503097
7345030132
7345177243
7345301492
7345733792
7346035810
7346667726
7346698620
7346704868
7346893534
7347139871
7347213088
7347251787
7347425044
7348296339
7348639349
7348837924
7349464222
7349614484
7350291175
7351222917
7351273563
7351450856
7351811707
7352314600
7352681536
7352799216
7353071835
735308106
7353629423
7353930358
7354043248
7354136618
7354622245
7354643527
7354891124
7355525816
7356114948
7356361788
7356503031
7356677379
7356750832
7356992988
7357874314
7358540610
7358754999
7360067286
7360686842
7361587437
7361969230
7361972320
7362051513
7362258200
7362450086
7362598103
7363828152
7364150264
7364254377
7364365504
7364704692
7365205174
7365855468
7366121794
7366905599
7367060987
7367126523
7367455696
7367606383
7368501090
7368535513
7368741346
7369719624
7370032702
7370256846
7370360057
7371139809
7371340238
7371690398
7371729295
7371983428
7372585561
7372855645
7373131805
7373574432
7374017563
7374441521
7374574527
7374621229
7375504653
7375851458
7376121498
7376236808
7376614723
7376990491
7377792603
7378280303
7378300343
7380017386
7380582088
7381001926
7381116866
7381134030
7381839316
7382064741
738214752
7382319210
7383161924
7383313887
7383533677
7384176597
7384297804
7384785339
7386133513
7386306556
7386659961
7387465318
7387550957
7388153369
7388599235
7388878421
7388911588
7389516513
7389929038
7389951514
7390312063
7390381168
7390651886
7390772385
7390880086
7391019155
7391157576
7391631917
739272573
7393150362
7393882583
7394076826
7396252451
7396465329
7396924307
7397623776
7397625059
7397909886
7398706963
7398966049
7399374681
7399534140
7400052322
7400063325
7400355089
7400414119
7400548577
7400605319
7400929168
7401287603
7402152079
7402766106
7402862092
7402991262
7403142359
740386699
7404798054
7405104739
7405111926
7405316992
7405621435
7405669253
7406150710
7406188313
7406731626
7408078581
7408133311
7408942447
7409361647
7410116543
7410230976
7410543573
7410557311
7410759807
7410789061
7411247884
7411697284
7412301291
7413153534
7414188606
7414403709
7415689125
7417609444
7417790770
7418913130
7419771733
741998706
7420476245
7421055264
7421166622
7421236208
7421365869
7421731807
7421930030
7422109688
7422132222
7422155176
7422271066
7423620814
7423841846
7424252196
7424296725
7425449283
7425767129
7425782296
7425851832
7425872368
7425977029
7426005396
7426679745
7426691617
7426843651
7426995402
7427380545
7427830630
7427903507
7428153443
7428320213
7428675480
7428745870
7429501721
7430578980
7430614451
7431394007
7432256259
7432451436
7432642604
7433219534
7433364719
7433492529
7434255248
7434510297
7434744641
7434826550
7435722737
7435846304
7436127106
7436417016
7437109780
7437208044
7437364476
7439195094
7440031045
7440073155
7440455572
7440506662
7440628658
7440985472
7441748116
744281736
7443107051
7443295876
7443599824
7443769586
7443824165
7444350787
7444448554
7444978209
7445724503
7445988526
7445990029
7446037211
7446944861
7447115040
7447344473
7447475092
7447574647
7447896511
7448749398
7448929765
7449010771
7449669496
7449778790
7449812838
7449932414
7450076193
7450456510
7451235627
7452043666
7452067229
7452185470
7452237083
7452503179
745255172
7453345339
7453366072
7454495784
7454710203
7454829932
7454996945
7455007705
7455678801
7456645648
7456943056
7456949035
7457198207
7457593059
7457990359
7458172204
7458204007
7458236663
7459084158
7459125209
7459347243
7459500396
7460193099
7460357188
7460545173
7460798704
7460897560
7461121572
7461166498
7461752198
7461755652
7462631010
7463255048
7463438717
7463685170
7463842317
7464080482
7465311577
7466262276
7466536747
7466674326
7467405606
7467407962
7467432502
7467979691
7468022793
7468063611
7468336757
7468460503
7468629726
7469290136
7469734028
7470244920
7471876272
7471933351
7472243953
7472637662
7474734480
7474830452
7475258285
7475263617
7475322987
7475421902
7476035239
7476130002
7476958567
7477731397
7477773219
7478127149
747868430
7478737148
7478841559
7479164696
7479260639
7479346960
7479551320
7479984544
7480132717
7480507482
7481172828
748279066
7482943434
7483352079
7483384187
7483770689
7484132437
7484248174
7484416381
7484459921
748453687
7484554965
7485124808
7485762344
7485772306
7487151235
7487368085
7487576175
7487867829
7487956496
7489071307
7489130893
7489549407
7490563789
7490594775
7491653419
7491722755
7491840520
7492516529
7492670443
7493186683
7493725683
7493794947
7494016424
7495890176
7496712021
7496933668
7496976274
7497982868
7498007693
7498173331
7498660539
7498769330
7499779907
7499941372
7500653200
7500716862
7501424500
7501982925
7502153907
7502226898
7502950786
750311607
7503117787
7503666630
7504213630
7504773516
7504943275
7505164761
7505248892
7505281067
7505604186
7505672648
7505761792
7506353169
7506380644
7506406654
7506522518
7506954349
7507205382
7507296664
7507422329
7507610733
7507663647
7507726242
7508830599
7509165212
7509418161
7509503404
7509578996
7509584006
7509909699
7509959257
7510334677
7510389281
7511071512
7511128052
7511163807
7511454391
7511504466
7512159891
7512280729
7512299660
7512735290
7513018108
7513795831
7514544592
7514566146
7515207948
751547756
7515502861
7515699115
7515866729
7516299672
7516315969
7516359958
7516460610
7516610435
7517097393
7517271539
7517421960
7517488909
751872374
7518997484
7519527556
7520193014
7520980995
7521148517
7521296874
7522070638
7522118777
7522136077
7522582897
7522667932
7523418441
7523977242
7524071543
7524130858
7524430115
7524710409
7524780723
7525292251
7525487679
7525519046
7526142667
7526399942
7526548578
7526688693
7527317110
7527933706
7527977425
7528087610
7528153564
7528194975
7528800989
7529493305
7529575509
7529647569
7530191109
7530226267
7530634868
7530939628
7531012631
7531541911
7531582537
7532023358
7532192836
7532445498
7532735201
7532812876
7534171506
7534697609
7534718670
7535078533
7535116412
7535308367
7535429927
7535471099
753556062
7535689889
7535808870
7536622288
7536989056
7537062935
7537136992
7537533046
7537782653
7538643489
7538962029
753999800
7541963634
7541976784
7542335009
7542531651
7542758407
7543517421
7543726704
7544452250
7544747986
7545481281
7545944599
7547205272
7547262434
7547870082
7548223925
7548390178
7548580868
7548696997
7549553074
7550685519
7552193244
7552514213
7554012859
7554181381
7554263622
7554284927
7554639150
7554809783
7555007428
7555649796
7555999622
7556879349
7557004649
755742612
7557528046
7557588435
7558175679
7558300489
7558364233
7558486476
7558530540
7558944396
7559257355
7559302371
7559860423
756054457
7560981422
7561293842
7561394137
7562416027
7562967127
7562982129
7563473776
7563916747
7563966213
7564005601
7564876194
7565176805
7565999345
7566258979
7566937635
7566999809
7567044212
7567729438
7568292131
7568430156
7568608765
7568679762
7568738526
7568878238
7568903811
7569064315
7569419187
7570178283
7570235863
7570281914
7570338865
7570968062
7571280197
7571559507
7572077152
7572383777
7573292332
7573858869
7573926344
7574113533
7575091166
7575314207
7575422077
7575562068
7576172818
7576739206
7577460777
7577672564
7578278890
7578955499
7579118227
7579300001
7580778760
7581174763
7581208331
7581639346
7581690819
7582189298
7582508170
7582978154
7583482992
7584016685
7585144392
7585713850
7586058298
7586147572
7586605338
7586623237
7587227349
7587436796
7587763245
7587790339
7588039891
7588664886
758878399
7588847620
7589033147
7589583468
7589794838
7590343031
7590434689
7590522587
7591258315
7592251424
7592303555
7592372563
7592599314
7592619212
7592952719
7592970582
7593388541
7593852219
7594140413
7595892358
7596265933
7596337347
7596485513
7596599407
7597182658
7597240849
7597422780
7597923247
7598061742
759869974
7599128030
7599215461
7599315230
7599516707
7599680824
7599751183
7600626152
7600754907
7601127842
7602007175
7602303765
7602885791
7603104375
7603851087
7603919797
7604262403
7604794225
7605099235
7605476474
7606278409
7606522681
7606664467
7606694095
7606816538
7607057978
7607080665
7607163853
7607533514
7607553907
7608025648
7608754926
7608971134
7609035685
7609310625
7610141187
7610341940
7610980216
7611916598
7612247511
7612325836
7612356342
7612562409
7613601548
7614044855
7614656825
7614831018
7614937753
7614962822
7615156153
7615263689
7616324596
7616506105
7617382933
761789229
7618722891
7618736536
7619097569
7620099775
7620690761
7621295411
7621348864
7621555433
7621745243
7621991072
7622463299
7622935370
7623048576
7623223727
7623350257
7623856567
7623987872
7624845454
7624880176
7624936889
7625198871
7625219318
7625356239
7625907384
7626406872
7626412256
7626502482
7626578226
7626721739
7626821239
7626852973
7628032585
7628541455
7628845780
7629055356
7629118655
7630075130
7631434945
7631885005
7631957817
7632028048
7632444312
7633357614
7633395753
7633725221
7634801645
7634907595
7634942298
7635318720
7635351647
7635979410
7636013044
7636604501
7638016443
7638143850
7638147121
7638153008
7638182093
7638614794
7638812257
7639679137
7640231836
7641438373
764151006
7641753766
7642528075
7643061572
7643088876
7643951826
7643993711
7644075768
7644690792
7644881086
7644910951
764518518
7645973402
7646017573
7646674203
7646774759
7647476931
7647709682
7647749125
7647876877
7647914374
7648059806
7648871138
7649277901
7649602415
7650160869
7650663927
7651006569
7651889109
7651929218
7652545008
7652591347
7653179205
7654344463
7654438147
7654557094
7655319966
7655870705
7656763662
7657069489
7657666856
7658242972
7658582158
7658865167
7658924912
7660011718
7660045928
7660394580
7660548336
7660996563
7661047149
7661614786
7661631565
7662153423
7662174406
7662234993
7662494768
7662839865
7663220007
7663281953
7663464304
7663745552
7663796525
7664433283
7664444426
7664615311
7665170614
7665567470
7666464923
7668701156
7669046224
7669325746
7669965480
7670042470
7670120751
7671161936
7671237600
7671484741
7671838298
7672346834
7672541174
7672981889
7674410223
7675364237
7675405023
7675594360
7675731329
7676496513
7676520900
7676847501
7677245595
7677637939
7677816261
7678491682
7678516111
7678684933
7678919653
7679049657
7679111465
7679378926
7680367921
7680893545
7681051022
7681558629
7681663530
7681688736
7682591217
768264580
7682927370
7683741366
7684241924
7684552354
7685082274
7685367954
7685484067
7686014131
7686061777
768655778
7686921593
7686954842
7687346610
7687471440
7688730149
7689083868
7689145395
7689174488
7689824111
7690221485
7690601708
7691221555
7691311265
7691892869
7691911786
7692108070
7692226259
7692292247
7692461853
7692515293
7692621193
7692681482
7692829943
7693075988
7693442090
7693778270
7694144182
7694244682
7694640157
7695262351
7695458187
7696093826
7696367943
7696703873
7696712960
7697159929
7697645548
7697750786
7697847264
7697950391
7698636589
7699008855
7699579282
7699831072
7700106603
7700598181
7701265311
7701553518
7703608631
7704423906
7704491089
7705185087
7705357228
7705430965
7705572628
7705572922
7705790755
7705916480
7706623966
7706789825
7707453270
7707960673
7708066910
7708303696
7708335878
7709090107
7709139746
7709863061
7710696596
7710798399
7710945922
7711251361
7711260864
7711698915
7711933443
7712473262
7712522579
7712671950
7713067561
7714266026
7714352649
7714720845
7715044937
7715213278
7715581156
7716043363
7716149843
7718251794
7718885449
771893537
7719083175
7719478008
7719536828
7719990348
7720020707
7720385969
7721415228
7721449440
7721885405
772206739
7722436845
7723291657
7723662153
7723885505
7724831428
7724968936
7725438622
7725801403
7725938620
7726131106
7726377737
7726383230
7726650277
7726876869
7727144577
7727538085
7727652135
7728275538
7728591179
7728763537
7730067766
7730296984
7730718865
7731296390
7731313226
7732074157
7732222955
773232833
773236150
7732495122
7733753622
7734334652
7734402509
7734797048
7735662397
7736977286
7737670400
773775722
7738247596
7738334052
7739192547
7739352347
7739435611
7739442231
7739515454
7739723667
7739824862
7740423705
7740855917
7741089329
7741184553
7741262188
7741264176
7741287873
7741468248
7741863895
7742032557
7742157687
7742280693
774260306
7742938809
7742975391
7743852002
7743983839
7744534696
7744635582
7744648549
7745165330
7745392145
7745493633
7746096809
7746249049
7746406041
7746596466
7746684258
7746900171
7747111023
7747182156
7747485673
7747520411
7747836552
7748083122
7748127463
7748281844
7748969757
7749593727
7749716915
7750147209
7750406266
7750622191
7750644112
7751044750
7751190995
7751216823
7751636102
7751667082
7751670385
7751834835
7751848197
7752061373
7752593047
7753294500
7753525882
7754096638
7754627503
7754840835
7755731428
7755806302
7755996103
7756252559
7756641018
7756649968
7756858973
7756862134
7758092323
7758318185
7758597524
7758771235
7759039884
7759317050
7759391735
7760245831
7760646134
7760671818
7760908409
7761128683
7761553289
7761671936
7763767107
7764058131
7765683002
7766106245
7766117748
7766242511
7766541036
7766926030
7767474389
7767475223
7767481250
7767543448
7767679495
7768459555
7769154578
7769806617
7770549747
7770898896
7771205982
7771512105
7771628068
7771695850
7773053631
7773130902
7773294538
7773718642
7774162002
7774206895
7774265496
7774563833
7774755082
7774816155
7774849527
7775009164
7775152844
7775404197
7775602431
7775742292
7776257808
7776509581
7776694204
7777844526
7778059015
7778876945
7779441409
7779780678
7780074173
7780083095
7781264728
7783576423
7783643073
7783686383
7784023756
7784263605
7784511224
7785560746
7785672527
7785698517
778581798
7786103599
7786262072
7786403866
778686132
7786876113
7786933085
7787966319
7788100653
7788103785
7788594946
7788907117
7789045272
7789096368
7789447641
7789568917
7789643841
7789909318
7789920302
7791188810
7791519549
7792514050
779316265
7793462763
7793906906
7794542057
7794674974
7794715464
7795022145
7795073177
7795266472
7795318095
7795715284
7796474439
7797530212
7798069936
7798923749
7798966342
7799527953
7800066768
7800302294
7800467079
7800879197
7802408779
7803630785
7804479989
7804751286
7805029839
7805991287
780651784
7806582564
7806631383
7806814201
7806872931
7807556532
7807616091
7807920073
7807943258
7808488250
7808697803
7809245106
7809881818
7809934543
7810566348
7811192409
7811405859
7812068799
7812140959
7812281351
7812844599
7813096800
7813327788
781416925
7814746494
7814878569
7815033714
7815151930
7815340952
7816471307
7816715511
7816928859
7817567372
7817612130
7817671709
7817684357
7817963693
7818150511
7818152785
7818337998
7818490782
7819088179
7819702190
7819726670
7819801333
7819829618
7819929711
7819940869
7820580582
7820595018
7820628817
7821216908
7821353992
7821469158
7821715221
7821912530
7822940560
7823719962
782379283
7823850397
7824067520
7824071112
782421538
7824339850
7825093284
7825273914
782698447
7827140303
7827370624
7827935586
7828572126
7828587532
7828620664
7828821230
7829961827
7830035929
7830107175
7830364875
7830527877
7831045400
7831799961
7831903352
7832511231
7832741035
7832785128
7833211446
7833241231
7833549333
7833817260
783478683
7834993403
7836426984
7836433223
7837002344
7837148363
7837526484
7837902144
7838011712
7838169709
7838292729
7838403656
7839018542
7839777284
7840038526
7840171518
7840296417
7840786811
7840914870
7841092519
7841187531
7841220786
7841263779
7841885195
7842465807
7842606086
7842873593
7843110342
7843164105
7843451349
7843680259
7843696781
7844286829
7844693639
7845106524
7846021251
7846325244
7846489935
7846831357
7847132697
7847390968
7847769437
7847849800
7848529280
7849158652
7849406021
7849580792
7849634712
7850158261
7851853209
7852389823
7852455730
7852464686
7852617523
7853211368
7853519318
7854099193
785499790
7855133860
7856540306
7857137985
7858257900
7859154849
7859311133
7859448103
7859554351
7860462062
7860862061
7861023312
7861222799
7861505790
7861927363
7861940389
7862256984
7862388015
7862865820
7862909518
7864993171
7865408793
7866088393
7867238752
7867445221
7868438180
7868781302
7869308651
7869448903
7869456644
7869718505
7870090502
7870595425
7871272707
7871319614
7871543440
7872401936
7873222389
7873766347
7874690631
7875117489
7875352705
7875393661
7875663633
7875844874
7875931998
7876319928
7876476068
7877143204
7877308559
7877933280
7879442937
7879783091
7880484921
7880898300
7881023674
7881272149
7881965292
7882169025
7882544972
7882650969
7882970203
7883343697
7883820985
7884007261
7884095587
7884538965
7884646388
7885051380
7885164595
7885328043
788548833
7885928346
7886316889
7886720148
788679571
7887440944
7887724118
7887846842
7888085997
7888524205
7889388254
7889624337
7889708995
7891089734
7891214439
7891418756
7891930462
7892545215
7892807460
7893181760
789319552
7893626861
7894243234
7894345206
7894531695
7894815394
7894900158
7894908920
7894987711
7894989363
7895545350
7895730537
7896009525
7896066150
7896865557
7896940205
7897088499
7897240592
7897482442
7897775420
7898035718
7898115799
7898198360
7898259581
7898596649
7898713125
7898949056
7899861819
7900193154
7900225080
7900284146
7900859465
7901157926
7901427205
7901461875
7901782948
7901825576
7901913478
7901957503
7902210957
7902257754
7902583938
7903933062
7904216702
7904355416
7905129138
7905207304
7905537930
7905758616
7905962827
7906335433
7906385184
7906733657
7906933079
7907263538
7907356849
7907450313
7907557879
7907633782
7907997705
7908296871
7908842216
7909108546
7909308949
7909942029
7910045343
7910476506
7910669611
7910820186
7911449725
7911622963
7911780274
7912241125
7912267425
7912503875
7912567962
7912731217
7912813809
7912838841
7912841191
7913337802
7914012533
7914159645
7914658866
7915039238
7915368058
7915788671
7916269243
7916883762
7918442119
7918734669
7918896176
7919153273
7919827314
7920108552
7920409225
7920533541
7920654929
7920801307
7920947749
7921494599
7922173361
7922546468
7923145846
7923880566
7923973874
7924865982
7924938336
7925087295
7925811861
7927840774
7928193336
7928439848
7928528236
7928544800
7928886403
7929076698
7929596761
7930380510
7930475125
7930600335
7931476558
7931927768
7932184257
7932596104
7932666308
7932733704
7933125352
7933342716
7934034307
7934172920
7934673973
7935671075
793612039
7936404103
7936583006
7936820799
7937301972
7937568333
7937783990
7938494994
7938543846
7938967429
7939371975
7939376551
793948597
7939610209
7939706007
7941520626
7941614113
7941908320
7941924093
7941989647
7942050953
7942061644
7942239436
7942288752
7942311608
7943226278
7943257539
7943286434
7943372010
7943409457
7943484615
7943646195
7943950746
7944099068
7944439315
7945014899
7945111210
7945358213
7946118381
7946217044
7946364900
7946683533
7947743820
7948569199
7948745258
7948906510
7949654458
7949992225
7950082115
7950464323
7950476719
7950522737
7951220412
7951252290
7951742674
7951789075
7951916278
7952219330
7953116493
7953345973
7953703983
7953737721
7954158978
7954835938
7955518384
7955609500
7955872240
7955970264
7956365259
7956781562
7957062330
7957154586
7957185915
7957417934
7957645127
7957940826
7957977427
7958176556
7958388648
7958455200
7958761133
7959032943
7959225437
7959226298
7959461620
7959537698
7959965561
7960025637
7960487788
7960722718
7960945590
7961672874
7961686063
7962016774
7962258206
7962599819
7962774984
7963291533
7963551397
7963842547
7963846452
7964177396
7964263427
7964442911
7964496949
7965258174
7966280773
7966762470
7966956088
7967254364
7967562155
7967785301
7967918949
7969291727
7969753810
7969836756
7969959030
7970076914
7970474329
7970555838
7970627487
7970927403
7971135989
7971952595
7972300479
7972305083
7972554271
7974338820
7974746406
7974788052
7974984430
7975461383
7975539831
7975725689
7976111461
7976365175
7977280356
7977570839
7977590793
7977782558
7978047360
7978902639
7979169849
7979231350
7979360080
7979397468
7979901803
7980047140
7980419446
7980639914
7980751196
7981330019
7981761768
7982659686
7982675197
7983083773
7983716009
7984166787
7984226707
7984233322
7984684628
7984870306
7984906374
7984950064
7985235132
7985604468
7985822256
7986131707
7986329902
7986735189
7986978437
7987166407
7987313624
7987320625
7987726064
7987887088
7987898448
7988640811
7989007051
7989010855
7989193658
7989573029
7990288328
7991411386
7991561751
7992408026
7993714050
799405847
7994100465
7994269596
7994435232
7994979008
7995171498
7995250026
7995718585
7996797329
7996801189
7997384060
7998294215
7998440948
7998683172
7998754839
7998830354
7998867773
7999151066
7999159944
7999854163
8000157421
8000434287
8000531121
8000957839
8000978386
8001081798
8001648478
8001693668
8002154714
8002166269
8002283605
8002611452
8002703673
8002747824
8002967503
8003037842
8003594815
8003704146
8004188206
8004242564
8004244083
8005273259
8005319024
8005469415
8005874019
8006232982
8006641318
8007122376
8007360197
8007453248
8007727597
8007884822
8008424285
8008511256
8008641749
8009115368
8009186707
8009394069
8009403057
8009694709
8009709467
8010208859
8010468724
8010884951
8010902323
8011205481
8011591050
8012266068
8012321264
8012443169
8012686222
8012771407
8012899134
8012917106
8012995819
8014118015
8014139429
8014850491
8015269492
8015312250
8015322181
8016464879
8016877089
8017186991
8017910947
8018102514
8018120064
8018264690
8018365348
8019656235
8020118697
8020704207
8021015239
8021165641
8021195149
8021214615
8021233060
8021673855
8021718037
8022025909
8022700145
8022770646
8023052391
8023190971
8023381914
802432454
8026144892
8026151437
8026289086
8026998925
8027280264
8027598860
8027732485
8027743671
8027842637
8028369968
8028465198
8028478108
8028599626
8029213746
8029296822
8029314994
8029426513
8029606871
8029608657
8030075491
8031018205
8031050478
8031246102
8031621387
8031927433
8032052250
8032137715
8032864713
8033321190
8033795351
8034681577
8034932959
8035030198
8035179051
8035349105
8035741530
8035816726
8036141378
8036242423
8036422735
8036516515
8036973488
8037213963
803747594
8037594731
8037660227
8037756643
8037848411
8038106303
8038511379
8038628032
8038924828
8039212810
8039458188
8039575489
8039949755
8040175852
8041389692
8042668143
8043102300
8043244075
8043260824
8043483108
8043748626
8043878292
8043898511
8044304426
8045080579
8045291962
8045366442
8045577979
8047789576
8047928600
8048789395
8049373731
8049745342
8050308986
8050317239
8050516477
8050768582
8051202485
8051698717
8051930810
8052354156
8052354787
8052582018
8053268124
8053288193
8053521684
8054076096
8054147369
8054579496
8055156631
8055287741
8055426449
8055885213
8056445577
8057591016
8058410425
8058544690
8058726517
8058894507
8059281311
8059398305
8059658514
8059735167
8060481387
8060708860
8060983775
806113887
8062279684
8062366231
8063157201
806338570
8063509230
8064506158
8064542801
8064656516
8064769858
8064913374
8065082875
8065186007
8065291415
8065583188
8066316928
8066852640
8067124814
8067659120
8068361197
8068833930
8069029303
8069118423
8069521016
8070125045
8070392756
8070519640
8070952785
8071287633
8071732742
8071943081
8072042547
807246222
8072466136
8072548436
8073504468
8073579822
8073591582
8073927212
8074510448
8074514809
8074830233
8075634967
8076647606
8076807945
8077111532
8077125422
8077425074
8077461908
8077509869
8077512774
8078193830
8078230780
8078249324
8078445027
8079242467
8079530321
8080453998
8080951371
8080953882
8081085761
8081199041
8082025285
8082106527
8082729014
8083696362
8083830426
8084159593
8084819316
8084864264
8085036629
8085111454
8085216637
8085512291
8085584860
8085626756
8085650848
8085714950
8086159552
8086677779
8087042730
8087085670
8087288485
8087911906
8089427663
8089447743
8089528185
8090231195
8090234006
8090621482
8091026820
8091268274
8091417203
8091483900
8091878541
8092002698
8092432651
8092633493
8092902876
8093112587
8093723018
8093792401
8094224036
8094391658
8094393237
809484028
8094985235
8095132834
8095219643
8095626272
8095726406
8095888986
8096517958
8097235752
8098112022
8098230474
8098823334
8098833391
8098982502
8099017881
8099019693
8099156099
8099259161
8099353150
8100011946
8100415595
8100493825
8100679009
8100749691
8101040278
8101216647
8101981863
8102128984
8102231248
8102729669
8103476335
8104079028
8104082339
8104255481
8104750106
8104840228
8105395907
8106984175
8107554564
8107574721
8107584478
8107880994
810816219
8108240845
8109061492
8109550294
8109923052
8109949027
8110181086
8110262434
8110635246
8111276337
8111302908
8111954527
8112703342
8112755816
8113389613
8113408377
8113480651
8113533221
8113598761
8114151127
8115316186
8115371711
8115810849
8115986254
8116059330
8116227251
8116359149
8116412086
8116538652
8116729817
8116882852
8117306463
8117339848
8117681667
8117913942
8117940311
8118274693
8118821934
8120682863
8120738293
8120977074
8121080511
8121571550
8121774621
8122546630
8124262645
8124387558
8125479167
8125586907
8126374700
8126468275
8126886927
8126938702
8127312686
8127602169
8127763249
8127975747
8127994464
8128317379
8128321592
8128683774
8128897912
8129259609
8129307355
8129318248
8130066536
8130254642
8130685519
8131231445
8131618436
8131744887
8132030883
8133058905
8133851727
8135336190
8135362154
8135474846
8135885027
8136534222
8137087272
8137206988
8137296045
8138618390
8138780356
8139618243
8139995183
8140146581
8140369543
8141185948
8141368341
8141584242
8142530283
8142736087
8143447902
8144206518
8144228054
8144406532
8145103535
8145165339
8145198862
8145226717
8145384995
8145827270
8146270687
8146392551
8146808822
8147173302
814728691
8147329492
8147511199
8147900430
8148436123
8148595361
8148699229
8149109405
8149377836
8149653253
8149971648
8151957310
8151962502
8152025432
8152051861
8152530793
8152756408
8152770905
8153229753
8155809608
8155844934
8155867125
8156604965
8157048436
8157147482
8157170353
8158050745
8158629558
8159058076
8159106647
8159376277
8159385060
8159715187
8159766578
8159925602
8159991660
8160589713
8161147008
8161248976
8161827028
8162148454
8162977735
8163454958
8163613907
8163674399
8163722699
8163963736
8164244751
8164506746
8164546435
8164550486
8165144627
8165205222
8165428555
8165732917
816605494
8166168588
8166425186
8166730909
8167050506
8167719850
8168227204
8168252753
8168820972
8169396635
8169799970
8169835032
8170512023
8171094826
8171149677
8171502921
8172657851
8173650662
8174124892
8174983197
8175066420
8175223544
8175269779
8175344153
8175560331
8175895060
8176719398
8176814804
8176866018
8176970041
8177284095
817753873
8177744856
8178064996
8178175763
8178194807
8178259210
8178548193
8178888927
8179340652
8179358175
8179632185
8179672594
8180161080
8180426256
8180699250
8181406349
8182002331
8182297054
8182900656
8183438285
8183955346
8183971564
8183976381
8184270635
8184458160
8184788287
8186007708
8186008729
8186747564
8186976794
8187006110
8187738839
8187837894
8188202887
8188526869
8188553334
8188704339
8189342179
8189516366
8189533940
8189640754
8189665239
8189717955
8189821589
8190368009
8190429601
8190575946
8191118224
8191401799
8191528317
8191578464
8191676095
8192008971
8193206558
8193634460
8195379222
8195386225
8195854524
8195925685
8196395371
8196459075
8197321623
8197336750
8197765996
8198147033
8198512800
8198535823
8198590704
8198627652
8198768988
8198984457
8199033792
8199415126
819943827
8199497373
8199639341
8199865579
8201133840
820120999
8201298564
8201313049
8201333871
8201341751
8201721418
8202488321
8202696957
8203591447
8203731851
8204261005
8204807708
8205204797
8205432224
8205490915
8205704904
8205709624
8206208601
8206454774
8206491312
8206493460
8207563616
8207682069
8208970162
8209287774
820933027
8209353183
8209529530
8210465683
8211147175
8211548683
8212564642
8213448198
8213868434
8214537525
8215184528
8216549672
8216644981
8216842306
8217671151
8218038671
8219930229
8220069790
8220620354
8221236100
8221833928
8221840126
8222108651
8222215965
8222782809
8222783646
8222826350
8222929698
8223322426
8224012453
8225107566
822543866
8225581943
8226063609
8226306159
8226514063
8226763390
8226812292
8227329025
8227495485
8228032737
8228202094
8228810016
8229212362
8229394692
8229815889
8229974710
8230477438
8230539012
8231623968
8231634044
8231925357
8232636175
8232762430
8232851287
8232886644
8233328191
8233556016
8233743940
8234405579
8235394222
8236060460
8237500538
8237925208
8238518365
8238700593
8239086282
8240045059
8240384337
8240440558
8240614518
8241542812
8241662442
8241704316
8241740593
8242277388
8242445960
8243072467
8243123500
8243149761
8243209971
8243748053
8244073279
8244535097
8244608336
8244968485
8245834510
8246315930
8246430841
8246577760
8246800944
8246813846
8247029354
8247287105
8247927299
8247941523
8248023563
8248257739
8248396013
8248401893
8248591481
8248885602
8249050801
8249177766
8249201304
8249434802
8249623224
8249653044
8249817767
8249896403
8250077462
8250181935
8250191387
825033557
8251097069
8251164069
8251424320
8251646620
8251724349
8252195582
8252240240
8252781717
8253388141
8254050653
8254449961
8255198440
8255262300
8255322298
8255874385
8256081993
8256334291
8256392514
8257011473
8257334452
8258445873
8259054968
8259740730
8260706944
8261162343
8262371267
8262559687
8262954178
8263445222
8263543509
8263944927
8264240563
8265760453
8266197909
8266407088
8266659351
8267018210
8267098902
8267344468
8267513430
8267916188
8267958739
8268093331
8268963959
8269090902
826927326
8269464825
8270923160
8271469904
8271600508
8272853301
8273210479
8273338666
8273959936
8274541023
8274740695
8274851026
8275265040
8275479292
8276549976
8276577051
8276800218
8276884822
8277175585
8277465278
8277865035
8277888958
8278247187
8278612181
8278634477
8279161974
8279257895
8279324768
8279552039
8279577094
8280463696
8280719083
8280744090
8281126407
8281380309
8281912516
8281948885
8283200780
8283271484
828327270
8283341582
8283354352
8283364830
8283478501
8283482715
8283713485
8283776119
8284166340
8284835108
8285493292
8285932271
8286191304
8287729501
8287745196
8288049179
8288097664
8288133094
8288171805
8288456339
8288544476
8288610058
8290229398
8290628078
8290917258
8291293462
8291398135
8291873953
8292370958
8292437416
8292475712
8293327625
8293355672
8293384114
8293442257
8293597819
8294062506
8294333926
8294466056
8294886328
8295350488
8295706485
8296154224
8296170010
8296220673
8296982539
8297762457
8297772073
8298434644
8298687630
8298915697
8299131693
8299785743
8299976385
8300546110
8301481515
8301594355
8301666171
8302649625
8302689259
8302992753
8303053055
8303055187
8303153075
8305090102
830511756
8305552758
8306798034
8306806273
8307020335
8307276892
8307707923
8307912876
8308299268
8308317107
8308416296
8308691568
8308770668
8308944627
8309760445
8309891393
8310204781
8310495300
8310583503
8310895634
8310906376
8312442253
8312506107
8312726728
8312996538
8313690764
8313776162
8313904832
8313936433
8314031290
8314233631
8315066346
8315703295
8315859909
8316359041
8316464546
8316559407
8316700746
8316972912
8317321210
8318095505
831811520
8318875951
8319374899
8319418904
8319988763
8320113031
8320272174
8320839801
8321670734
8321866398
8322346848
8322781214
8323214923
8323221929
8323579523
8323617322
8323736663
8323756726
8324160395
8324324848
8325221462
832569882
8325965165
8326304121
8326550239
8326840559
8328079423
8328333590
8328462592
8328758094
8328998300
8330075648
8330531922
8330906065
8331076577
8331316594
8331745813
8332034386
8332367813
8332705471
8332740519
8333250378
8333360440
8333845469
8334379282
8334581306
8334964857
8336797638
8336933738
8337160830
8337183217
8337261761
8337516646
8337696935
8338001167
8338333656
8338532489
8338887431
8340329951
8342284076
8342375104
8342572421
8343109604
8343880773
8344061598
8345701906
8345708268
8346391945
8346837006
8348769632
8349370992
8349405386
8349448132
8350086103
8350598735
8350930709
8350972215
8351172278
8351660687
8351823209
8353400957
8353652867
8354069334
8354158714
8354214125
8354553975
8354888391
8354977108
8355099246
8356327896
8356465879
8356932179
8357834175
8358282644
8359132571
8359229439
8359348416
8359497562
8359565927
8360785672
8360808366
8360889367
8361100814
8362117166
8362861422
8363568457
8364137684
836421940
8364738977
8365194675
8365411856
8366135530
8366365342
8366532308
8366922643
8367028875
8367645924
8367692831
8368972996
8369716573
8370032331
8371759507
8371999819
8372751659
8372929838
8373299386
8374651985
8374849354
8375050007
8375661900
8376474762
8377175450
8377930313
8377955327
8378196155
8378944178
8379931376
8380340408
8380413667
8380747390
8380806191
8381155171
8381222490
8381562764
8381958971
8382059746
8382140406
8382176531
8383823793
8384692194
8385318883
8385661896
8385693196
8386111279
8386164459
8387855708
8387875096
8388271678
8388810152
8389023080
8389142489
8390009539
8390108798
8390147676
8390671695
8390831391
8391001088
8391126276
8391207297
8392114359
8392919041
8393226599
8393912172
8394279333
8394413041
8394692261
8394932282
8395669892
8396009085
8396859754
8397132331
8397341532
8397343139
8397760300
8397955526
8398189112
8398584960
839920468
8399437411
8399746510
8400870704
8401434796
8401743253
8401857820
8402079508
8403277728
8403291752
8403418615
8403515429
8403864446
8404191932
8404472119
8404813889
8405688417
8405919522
8406648788
8406688990
8407943811
8408201164
8408290237
8408560428
840872243
8408985765
8409005396
8409074507
8409277515
8409876076
8412202461
8412897193
8412947548
8413360358
8413509146
8414293500
8414645751
8415995431
8416374963
8416706340
8417329711
8417439578
8417450076
8417631780
8418895873
8419214704
8419253614
8419755175
8419811048
8419911725
8419920694
8420100267
8420149232
8420567348
8420976192
8421072099
8421473808
8421562587
8422377952
8422606958
8422930593
8423204680
8423638124
8423698358
8423911493
8424095930
8424380137
8424995571
8425560183
8425841737
8426510272
8426845572
8427049609
8427281176
8427536338
8428141391
8428155602
8428439175
842911129
8429349359
8429639092
8429653599
8429803530
8430073338
8430230420
8430336561
8430497723
8431124322
8432893624
8433153323
8433929318
8434150443
8435404430
8435624981
8435833609
8436445797
8437060683
8437263311
8437345786
8437576043
8437723554
8437791582
8438428317
8438583283
8438652616
8439224897
8439451001
8439904033
8440422258
8440695005
8440720455
8440793865
8440908943
8441048860
8441620983
8442540565
8443292547
8443538680
8443573385
8443858380
8444003756
8444417865
8445319577
8445450693
8445669425
8445928080
8446287936
8446431431
8446453676
8446902434
8446906751
8447301725
8447327642
8447585759
8448645657
8449487643
8449670453
8449675216
8450977340
8451526116
8452007222
8452262499
8452310925
8452481878
8452856467
8453574464
8453690560
8454596333
8454847548
8454855219
8455057989
8455350697
8455426331
8455507380
8455679908
8456693767
8457239193
8458879553
8459023944
8459063561
8459197749
8459274698
8459414136
8459539812
8460975860
8460976742
8461837557
8462856328
8463339318
8463944461
8464025998
8464628071
8465052152
8465300402
8465766992
8466123133
8466680989
8466836852
8466837073
8466840420
8466861608
8467536726
8468069102
8468120501
8468563896
8469180348
8469334354
8470091539
8470548812
8470968993
8471180289
8471444119
8471533245
8471915489
8472545170
8473122142
8474346711
8474359155
8474469828
8475092736
8475944482
8475977501
8476701043
8476702299
8477035767
8477297713
8477546546
8477836644
8478004418
8478483964
8478677697
8478888384
8479342737
8479512188
8479545808
8479733365
8480570418
8480678187
8480809880
8481147930
8481209569
8481308499
8482145606
8482310702
8482546190
8483585506
8483859482
8484303205
8484630894
8485308028
8485478921
8485646917
8485675765
8487795878
8488294887
8488792022
8489012062
8489157784
8489497553
8489699002
8490172672
8490944445
8491432398
8491654278
8491860497
8491881554
8492306381
8492548849
8492773015
8492881736
8493291121
8493653227
8494985407
8495080125
8495815764
8495924515
8496053911
8496305455
8496569525
8497805307
8498246891
8498352265
8498375074
8498737819
8499083461
8499158060
8499294813
8499471965
8499583859
850059790
850755956
853883647
855720475
857264328
859213297
860466668
862016812
864137686
864767332
867068102
868322778
869360364
871682426
874630498
875130742
876283570
877623417
880976514
881464412
884323865
885515802
885964947
887190261
893435345
894721547
896872353
899303054
901571209
902366449
903757997
904973544
905967674
906589660
906634085
907065123
909852206
909903944
911198318
914223062
916536544
918497055
919220562
919609440
919796254
921575736
922201418
922520726
929410843
929626436
929739099
933904776
938003024
938304690
939359292
939926601
941360688
943568974
943612484
943886392
944093622
944660811
946317655
946983694
947201227
948570649
950253917
951544883
951843745
953766436
955742617
955839609
956370296
957606464
958063292
959538929
961637829
961909425
963846114
964085320
966193629
966232213
966537735
966928500
972063067
974090328
976888505
977083712
978076570
979275501
979726693
981255103
982681534
983850223
99043548
994690188
995117114
999281877
999586207
